0000
1234
1111
1212
7777
1004
2000
6969
1122
1313
4444
2222
3333
5555
6666
9999
3333
5555
6666
9999
1122
1313
2580
0852
5683
2580
1234
0001
0007
0008
1230
1235
1243
4321
3210
2468
1357
1010
2020
3030
1212
3434
5656
6969
9696
8080
9090
1110
2220
3330
1470
2580
3690
123456
654321
000000
123123
666666
121212
112233
789456
159753
159357
000001
000007
000008
123000
123456
123789
654321
543210
112233
223344
334455
121212
343434
565656
101010
202020
303030
111000
222000
333000
147258
258369
369147
789123
891234
912345
159357
357159
951753​
